image: W_FIRA.pgm
resolution: 0.010000
origin: [-3.750000, -2.750000, 0.000000]
negate: 0
occupied_thresh: 0.65
free_thresh: 0.196

